-0.4854594804187671 5.688324915824914
-0.049999999999999725 11.592947330447329
-0.0010152284263959175 12.132251082251079
-0.07126002831524328 10.72057359307359
0.4460028050490876 6.87984820734821
-0.21265179327873476 5.304949494949496
-0.10765815760266384 3.009054834054834
-0.07998392282958193 9.217575757575759
0.03160083160083152 11.798939393939404
-0.06553297386976366 12.410903679653677
-0.03647526182737417 0.3752525252525251
-0.1438194678342875 11.297409812409814
-0.042105263157894715 8.949375901875904
-0.15359712230215852 8.481536796536798
0.14244426094137075 12.21691919191919
0.054615384615384815 9.403048340548338
0.2706422018348623 3.880248917748919
-0.01812500000000039 10.361492673992675
-0.16695412211107266 6.42198051948052
0.15598507968803002 10.372348484848487
0.09080153800650695 10.76986111111111
-0.10735794710657291 12.355869408369404
-0.15629696423204117 10.770093795093798
-0.031853281853281804 7.933281024531026
-0.08526645768025064 3.354135101010101
-0.104371399525584 10.23837481962482
-0.02183098591549287 11.281655844155843
-0.12185478073328543 13.71909090909091
0.22956774427896814 11.356843434343435
0.035287081339712915 4.219374098124098
0.05424242424242465 10.128160173160172
-0.10007921837866346 9.287813852813853
0.0986482599942477 12.378746392496392
0.03921113689095122 5.034960317460318
0.0016713091922004885 5.057499167499168
0.13071091989346478 9.01545815295815
-0.006849894291754536 12.444642857142853
0.06088888888888888 5.215404040404041
0.13367794674520653 10.504433621933622
-0.15719736028047054 7.720875420875419
-0.11850816983538866 8.788156565656566
0.025506665639207515 6.566628787878788
0.15132615546218495 6.065407647907649
0.06564159910539563 7.934991582491583
-0.23820024760136188 4.214142616642618
-0.028772727272727717 1.9428679653679652
0.062224352828379896 8.977485014985016
0.1319966583124477 13.410025252525255
-0.05642815590459563 4.889195526695527
0.10867353708700085 3.8263474025974054
-0.08704174228675153 9.047456709956709
-0.060693641618497184 8.576052188552188
0.005291005291005134 2.968939393939394
-0.013517996350970273 4.855717893217892
0.028598323546550442 -3.74921717171717
0.08216894641368894 7.820887445887444
-0.0741279799247176 3.2058712121212105
0.07548756768122807 6.053073593073592
0.09146288018231223 7.927398989898986
0.09274778404512517 13.024469696969698
-0.00913633119200582 4.092487373737372
0.06049795335911959 4.140367965367966
-0.03848714321378024 13.846233766233766
-0.08629954345278984 6.7361147186147186
0.006416349809886175 6.475081168831169
0.00030295161429928666 4.26060606060606
-0.15055972495912132 7.275487012987014
-0.07442053840557067 9.690891053391052
0.11302315700021215 15.18851875901876
0.014852280025690612 5.93705808080808
-0.13203572632288532 7.290909090909091
0.01867115988888419 5.4542297979797985
0.1604249539148153 5.0306277056277064
-0.10223656101495383 6.553923160173159
-0.07679513377370145 6.607972582972582
-0.1024182780277932 6.7989177489177495
-0.05545952886562322 2.073593073593074
0.11361256544502597 5.217325036075035
0.11595006934812752 8.897020202020204
0.052519264967397714 7.361733405483402
0.05005184653425898 8.433138528138528
0.08013245033112587 4.958585858585858
0.030629269367583305 4.802691197691199
-0.052682697118639016 5.185530303030303
-0.13437229904926518 15.67593975468975
0.04032106352291989 2.796063311688312
-0.06720407297411962 8.983219095719098
-0.02487445988555441 9.055467171717176
0.009867907441526125 9.942803030303025
0.00875032408607741 10.270457181707188
0.11410256410256399 16.19389201076701
-0.04612535612535547 8.542078523328524
-0.09166942447125348 3.032595298220298
0.16761610886937225 4.474357864357864
0.0406757774669113 5.395760836385838
-0.059760820819460214 7.1686435786435805
-0.020798794272795712 9.725082972582971
0.07422969187675069 2.8220352332852334
0.09109271523178768 7.843769841269843
-0.13613632744067558 8.468884980759984
0.09640945450171408 12.256188157081015
-0.06906942047216473 6.772576066790352
0.1323778501628666 3.0251599789099792
-0.08645919867084177 4.2931655844155845
0.056459780092592636 4.238010461760461
-0.04322425445797906 9.415550144300148
-0.06803455723542112 8.462088744588746
-0.04585262734044673 7.689334544423834

Base: 7.859439851693139
Correlation: 41.66666666666667